1 35 
1 40
1 54 
1 60 
1 61 
1 67 
1 90 
1 101 
1 122 
1 158 
1 191 
1 192 
1 241 
1 252 
1 271 
1 306 
1 310 
1 339 
1 351 
1 362 
1 377 
1 383 
1 385 
1 391 
1 394 
1 399 
1 402 
1 418 
1 447 
1 471 
1 485 
1 495 
1 512 
1 514 
1 516 
1 525 
1 543 
1 572 
1 587 
1 603 
1 620 
1 628
1 635 
1 642 
1 646 
1 650 
1 657 
1 689 
1 691 
1 692 
1 740 
1 743 
1 746 
1 752 
1 782 
1 788 
1 789 
1 819 
1 832 
1 833 
1 852 
1 853 
1 855 
1 875 
1 876 
1 885 
1 913 
1 915 
1 925 
1 949 
1 952 
1 957 
1 958 
1 964 
1 966 
1 972 
1 1001 
1 1047 
1 1048 
1 1065 
1 1086 
1 1092 
1 1104 
1 1117 
1 1126 
1 1132 
1 1136 
1 1145 
1 1150 
1 1175 
1 1182 
1 1185 
1 1195 
1 1247 
1 1278 
1 1292 
1 1293 
1 1298 
1 1319 
1 1321 
1 1333 
1 1359 
1 1408 
1 1452 
1 1459 
1 1492 
1 1500 
1 1501 
1 1509 
1 1519 
1 1528 
1 1554 
1 1571 
1 1572 
1 1577 
1 1595 
1 1606 
1 1608 
1 1610 
1 1628 
1 1646 
1 1727 
1 1747 
1 1762 
1 1801 
1 1806 
1 1814 
1 1827 
1 1831 
1 1843 
1 1866 
1 1870 
1 1899 
1 1901 
1 1905 
1 1930 
1 1931 
1 1939 
1 1949 
1 1950 
1 1965 
1 1991 
1 2012 
1 2028 
1 2046 
1 2050 
1 2065 
1 2086 
1 2089 
1 2097 
1 2120 
1 2132 
1 2152 
1 2155 
1 2176 
1 2182 
1 2196 
1 2197 
1 2210 
1 2220 
1 2227 
1 2229 
1 2246 
1 2266 
1 2275 
1 2296 
1 2297 
1 2324 
1 2447 
1 2575 
1 2670 
1 2680 
1 2718 
1 2761 
1 2820 
1 2823 
1 2874 
1 2978 
1 2989 
1 3010 
1 3022 
1 3025 
1 3052 
1 3075 
1 3083 
1 3108 
1 3123 
1 3134 
1 3140 
1 3152 
1 3163 
1 3187 
1 3189 
1 3227 
1 3232 
1 3253 
1 3272 
1 3273 
1 3288 
1 3295 
1 3314 
1 3324 
1 3325 
1 3335 
1 3338 
1 3356 
1 3357
1 3369 
1 3379 
1 3392 
1 3393 
1 3458 
1 3472 
1 3475 
1 3501 
1 3522 
1 3529 
1 3544 
1 3552 
1 3561 
1 3569 
1 3578 
1 3580 
1 3581 
1 3585 
1 3588 
1 3594 
1 3601 
1 3652 
1 3663 
1 3668 
1 3671 
1 3672 
1 3673 
1 3686 
1 3692 
1 3706 
1 3719 
1 3734 
1 3741 
1 3775 
1 3780 
1 3815 
1 3816 
1 3834 
1 3850 
1 3878 
1 3882 
1 3938 
1 3945 
1 3951 
1 3957 
1 3960 
1 3962 
1 4022 
1 4044 
1 4056 
1 4068 
1 4073 
1 4075 
1 4076 
1 4081 
1 4087 
1 4094 
1 4098 
1 4108 
1 4109 
1 4110 
1 4126 
1 4135 
1 4159 
1 4190 
1 4197 
1 4245 
1 4274 
1 4278 
1 4285 
1 4299 
1 4319 
1 4345 
1 4411 
1 4425 
1 4451 
1 4518 
1 4543 
1 4562 
1 4569 
1 4572 
1 4602 
1 4608 
1 4619 
1 4635 
1 4640 
1 4677 
1 4691 
1 4692 
1 4702 
1 4723 
1 4725 
1 4740 
1 4800 
1 4802 
1 4824 
1 4865 
1 4872 
1 4879 
1 4888 
1 4908 
1 4930 
1 4931 
1 4933 
1 4956 
1 4972 
1 4975 
1 4987 
1 5001 
1 5005 
1 5010 
1 5013 
1 5015 
1 5082 
1 5121 
1 5131 
1 5138 
1 5168 
1 5210 
1 5230 
1 5231 
1 5302 
1 5332 
1 5467 
1 5701 
1 5873 
1 5927 
1 5933 
1 5938 
1 5954 
1 5967 
1 6050 
1 6103 
1 6108 
1 6110 
1 6124 
1 6170 
1 6190 
1 6232 
1 6262 
1 6282 
1 6314 
1 6323 
1 6332 
1 6336 
1 6338 
1 6364 
1 6373 
1 6375 
1 6377 
1 6380 
1 6384 
1 6389 
1 6398 
1 6449 
1 6464 
1 6469 
1 6474 
1 6488 
1 6521 
1 6536 
1 6537
1 6558 
1 6560 
1 6583 
1 6593 
1 6606 
1 6626 
1 6680 
1 6684 
1 6691 
1 6710 
1 6711 
1 6734 
1 6762 
1 6766 
1 6780 
1 6785 
1 6807 
1 6831 
1 6845 
1 6855 
1 6867 
1 6874
1 6878 
1 6880 
1 6882 
1 6888 
1 6906 
1 6919 
1 6928 
1 6940 
1 6960 
1 6969 
1 6973 
1 6981 
1 6984 
1 6994 
1 7011 
1 7014 
1 7025 
1 7069 
1 7072 
1 7081 
1 7087 
1 7097 
1 7100 
1 7110 
1 7125 
1 7132 
1 7137 
1 7138 
1 7169 
1 7183 
1 7186 
1 7192 
1 7199 
1 7202 
1 7243 
1 7244 
1 7260 
1 7265 
1 7271 
1 7299 
1 7315 
1 7361 
1 7375 
1 7381 
1 7388 
1 7394 
1 7408 
1 7418 
1 7433 
1 7455 
1 7476 
1 7477 
1 7480 
1 7500 
1 7552 
1 7564 
1 7566 
1 7576 
1 7602 
1 7620 
1 7621 
1 7622 
1 7630 
1 7642 
1 7646 
1 7660 
1 7661 
1 7669 
1 7697 
1 7787 
1 7797 
1 7798 
1 7846 
1 7856 
1 7859 
1 7899 
1 7928 
1 7959 
1 7980 
1 7986 
1 7997 
1 8001 
1 8003 
1 8007 
1 8011 
1 8032 
1 8049 
1 8057 
1 8084 
1 8087 
1 8097 
1 8105 
1 8113 
1 8124 
1 8143 
1 8181 
1 8186 
1 8187 
1 8189 
1 8215 
1 8216 
1 8222 
1 8245 
1 8246 
1 8252 
1 8673 
1 9075 
1 9096 
1 9108 
1 9131 
1 9141 
1 9166 
1 9197 
1 9206 
1 9258 
1 9262 
1 9279 
1 9288 
1 9290 
1 9292 
1 9304 
1 9315 
1 9347 
1 9355 
1 9392 
1 9417 
1 9422 
1 9427 
1 9458 
1 9483 
1 9490 
1 9495 
1 9496 
1 9498 
1 9508 
1 9510 
1 9515 
1 9517 
1 9537 
1 9548 
1 9559 
1 9570 
1 9602 
1 9606 
1 9616 
1 9617 
1 9627 
1 9648 
1 9655 
1 9660 
1 9671 
1 9692 
1 9701 
1 9727 
1 9737 
1 9753 
1 9764 
1 9777 
1 9783 
1 9803 
1 9814 
1 9817 
1 9824 
1 9832 
1 9843 
1 9859 
1 9870 
1 9878 
1 9894 
1 9908 
1 9914 
1 9918 
1 9933 
1 9973 
1 9974 
1 9976 
1 9984 
1 9990 
1 9991 
1 9998 
1 10000 
1 10001 
1 10014 
1 10019 
1 10024 
1 10030 
1 10060 
1 10062 
1 10063 
1 10076 
1 10100 
1 10106 
1 10116 
1 10125 
1 10137 
1 10145 
1 10172 
1 10210 
1 10246 
1 10274 
1 10278 
1 10303 
1 10317 
1 10327 
1 10340 
1 10344 
1 10362 
1 10364 
1 10369 
1 10387 
1 10390 
1 10401 
1 10412 
1 10418 
1 10444 
1 10447 
1 10472 
1 10477 
1 10499 
1 10548 
1 10555 
1 10607 
1 10616 
1 10627 
1 10690 
1 10696 
1 10697 
1 10704 
1 10723 
1 10734 
1 10735 
1 10740 
1 10747 
1 10756 
1 10760 
1 10770 
1 10780 
1 10830 
1 10837 
1 10839 
1 10850 
1 10886 
1 10887 
1 10896 
1 10909 
1 10934 
1 10935 
1 10946 
1 10950 
1 10963 
1 10980 
1 10992 
1 10999 
1 11016 
1 11028 
1 11074 
1 11091 
1 11142 
1 11175 
1 11176 
1 11195 
1 11202 
1 11215 
1 11218 
1 11230 
1 11234 
1 11241 
1 11281 
1 11293 
1 11301 
1 11364 
1 11366 
1 11370 
1 11372 
1 11375 
1 11380 
1 11388 
1 11420 
1 11437 
1 11465 
1 11494 
1 11506 
1 11515 
1 11531 
1 11542 
1 11544 
1 11548 
1 11550 
1 11566 
1 11581 
1 11584 
1 11586 
1 11630 
1 11654 
1 11666 
1 11670 
1 11677 
1 11707 
1 11746 
1 11747 
1 11751 
1 11771 
1 11773 
1 11800 
1 11805 
1 11814 
1 11817 
1 11818 
1 11821 
1 11825 
1 11829 
1 11833 
1 11834 
1 11837 
1 11842 
1 11846 
1 11853 
1 11891 
1 11913 
1 11921 
1 11948 
1 11960 
1 11964 
1 11968 
1 11969 
1 11975 
1 11977 
1 11985 
1 11993 
1 11998 
1 11999 
1 12007 
1 12038 
1 12044 
1 12049 
1 12051 
1 12068 
1 12079 
1 12128 
1 12137 
1 12189 
1 12211 
1 12214 
1 12220 
1 12249 
1 12299 
1 12307 
1 12328 
1 12333 
1 12338 
1 12366 
1 12384 
1 12406 
1 12421 
1 12473 
1 12535 
1 12568 
1 12586 
1 12589 
1 12627 
1 12650
1 12678 
1 12691 
1 12727 
1 12758 
1 12798 
1 12806 
1 12823 
1 12841 
1 12936
1 12946
1 12994 
1 13011 
1 13051 
1 13088 
1 13089 
1 13165 
1 13206 
1 13301 
1 13315 
1 13348 
1 13355 
1 13436 
1 13551 
1 13600 
1 13681 
1 13768 
1 13771 
1 13867 
1 13893 
1 13913 
1 13923 
1 13975 
1 14081 
1 14096 
1 14126 
1 14144 
1 14146 
1 14318 
1 14344 
1 14357 
1 14358
1 14395 
1 14403 
1 14475 
1 14770 
1 14783 
1 14800 
1 14874 
1 15102 
1 15139 
1 15146 
1 15185 
1 15240 
1 15263 
