state={
	id=10
	name="STATE_10"
	provinces={
		456 643 683 687 997 1005 1035 1065 1096 1236 1569 1581 1593 1661 1671 1859 1922 1961 2085 2248 2281 2322 2379 2554 2556 2589 2780 2830 2866 2912 3145 3202 3222 3276 3346 3541 3592 3719 3818 3938 4180 4254 4351 4370 4529 4540 4568 4715 4748 4751 4761 4763 4893 4975 5100 5217 5286 5288 5322 5378 5441 5546 5612 5624 5633 5648 5651 5665 5806 5910 5964 6009 6039 6229 6245 6364 6476 6516 6536 6594 6629 6717 6822 6907 6974 7015 7054 7055 7056 7057 7058 7059 7111 7112 7113 7114 7131 7132 7156 7161 7162 7172 7173 7193 7196 7217 7218 7225 7226 7227 7230 7250 7264 7277 7278 7285 7286 7306 7315 7323 7334 7335 7336 7337 7343 7344 7365 7368 7381 7386 7395 7396 7400 7401 7406 7410 7417 7422 7431 7442 7471 7482 7488 7504 7520 7529 7539 7546 7550 7557 7558 7562 7563 7596 7599 7600 7605 7610 7621 7628 7635 7648 7649 7665 7666 7669 7673 7677 7699 7711 7715 7716 7719 7725 
	}
	buildings_max_level_factor=1.000
        manpower=1
        state_category = town
}
