state={
	id=1059
	name="STATE_1059"
	provinces={
		216 259 365 388 493 757 842 1194 1207 1730 1804 1813 2169 2328 2353 2604 2766 2872 3093 3135 3383 3529 3611 3936 4178 4202 4328 4716 4866 4917 4991 5027 5049 5076 5255 5519 5581 5587 5802 6053 6118 6179 6325 6380 6544 6775 6791 6811 6854 14974 14982 14986 14987 14989 14995 14996 15007 15009 15014 15019 15021 15022 15023 15032 15037 15038 15044 15060 15063 15064 15074 15075 15076 15078 15088 15098 15099 15104 15111 15116 15122 15133 15148 15150 15151 15152 15154 15170 15187 15210 15224 15237 15268 15274 15280 15281 
	}
	buildings_max_level_factor=1.000
        manpower=1
        state_category = town
	history={
		owner = ROZ
		buildings = {
		}
		add_core_of = ROZ
	}
}
