state={
	id=1115
	name="STATE_1115"
	provinces={
		74 81 95 141 600 775 1099 1346 1398 1584 1598 1799 2153 2477 2488 2570 2740 2879 3116 3390 3564 3666 4062 4139 4242 4456 4655 4676 4873 4894 4956 5679 6021 6214 6358 6593 6600 6670 6734 14897 14965 14966 14977 14983 14993 15008 15027 15030 15035 15041 15042 15045 15050 15051 15070 15087 15089 15100 15101 15107 15108 15112 15120 15137 15158 15165 15184 15190 15195 15198 15220 15226 15232 15239 15244 15245 15251 15260 15276 15277 15286 
	}
	buildings_max_level_factor=1.000
        manpower=1
        state_category = town
	history={
		owner = AMA
		add_core_of = AMA
	}
}
