state={
	id=1384
	name="STATE_1384"
	provinces={
		157 378 510 621 1010 1186 1216 1334 1444 1680 1995 2076 3195 3198 3206 3308 3351 3887 4279 4728 4781 4808 5329 5390 5406 5442 5625 6028 6113 6234 6692 6737 11072 11104 11124 11172 11180 11188 11191 11221 11224 11233 11234 11262 11264 11274 11276 11292 11302 11303 11316 11331 11348 11362 11371 11382 11406 11407 11413 11443 11447 11451 11455 11473 11477 11482 11491 11520 11526 11564 
	}
	buildings_max_level_factor=1.000
        manpower=1
        state_category = town
}
