state={
	id=140
	name="STATE_140"
	provinces={
		66 67 148 149 171 278 294 322 348 441 781 819 1000 1029 1246 1268 1382 1462 1486 1723 1797 1812 1904 1926 2012 2099 2156 2225 2313 2320 2396 2618 2862 2914 2984 2988 3053 3054 3074 3525 3613 3738 3803 3826 4112 4573 4720 4827 4955 4970 5206 5426 5571 5602 5851 6307 6712 6839 8256 8286 8287 8295 8296 8304 8310 8315 8316 8326 8338 8341 8345 8365 8366 8382 8385 8386 8387 8398 8405 8411 8412 8420 8424 8425 8436 8457 8462 8463 8474 8495 8496 8499 8500 8504 8508 8509 8526 8535 8536 8542 8545 8555 8562 8564 8566 8573 8580 8581 8591 8595 8607 8608 8625 8629 8641 8646 8653 8654 8665 8676 8679 8691 8705 8714 8732 
	}
	buildings_max_level_factor=1.000
        manpower=1
        state_category = town
}
