state={
	id=166
	name="STATE_166"
	provinces={
		43 46 51 79 94 99 103 106 114 151 155 197 203 262 280 440 452 499 522 525 539 553 569 598 702 755 797 899 927 944 967 1061 1146 1205 1248 1273 1389 1432 1586 1629 1650 1666 1676 1725 1837 1866 1980 2033 2190 2192 2236 2329 2346 2368 2414 2453 2535 2538 2586 2662 2724 2743 2750 2754 2809 2815 2841 2919 2938 2949 3004 3027 3030 3042 3082 3130 3217 3233 3235 3269 3325 3337 3353 3361 3380 3401 3455 3463 3552 3554 3562 3568 3605 3670 3685 3689 3712 3770 3853 3870 3895 3912 3967 4045 4056 4173 4183 4398 4530 4608 4659 4667 4713 4818 4942 5024 5078 5081 5097 5126 5145 5264 5272 5318 5356 5433 5599 5740 5803 5853 5857 5920 5942 5963 6081 6098 6155 6241 6265 6309 6529 6604 6619 6627 6650 6652 6664 6687 6748 6773 6786 6831 6844 6997 7011 8510 8514 8528 8529 8557 8558 8578 8597 8614 8640 8660 8669 8670 8674 8716 8717 8718 8719 8727 8729 8743 8752 8757 8764 8773 8781 8797 8809 8810 8813 8829 8847 8849 8857 8881 8889 8890 8891 8915 8916 8926 8953 8958 8974 8994 8995 9001 9002 9003 9013 9044 9045 9050 9051 9061 9064 9085 9086 9101 9109 9113 9147 9159 9170 9171 9184 9193 9202 9206 9214 9221 9227 9242 9244 9247 9248 9255 9265 9278 9279 9280 9286 9288 9292 9293 9305 9309 9310 9322 9323 9325 9355 9364 9365 9375 9400 9409 9433 9456 9483 9497 9518 9523 9528 9531 9543 9559 9586 9598 9612 9613 9619 9624 9628 9633 9634 9638 9643 9653 9658 9666 9668 9672 9675 9678 9682 9688 9693 9694 9697 9705 9708 9722 9728 9743 9746 9747 9749 9750 9753 9761 9770 9774 9777 9790 9797 9808 9811 9826 9830 9837 9846 9847 9849 
	}
	buildings_max_level_factor=1.000
        manpower=1
        state_category = town
}
