state={
	id=369
	name="STATE_369"
	provinces={
		156 1303 1422 1950 2166 2355 2572 2681 2693 2871 3447 3513 3537 3696 4000 4266 4348 4363 5138 5496 5522 5556 6011 6058 6083 6365 6833 6948 10109 10130 10140 10156 10157 10163 10173 10184 10185 10192 10201 10210 10218 10238 10241 10242 10253 10273 10286 10297 10387 10396 10404 10425 10457 10475 10496 10518 10551 10556 10568 10588 10602 10606 
	}
	buildings_max_level_factor=1.000
        manpower=1
        state_category = town
	history={
		owner = GEH
		buildings = {
		}
		add_core_of = GEH
	}
}
