state={
	id=376
	name="STATE_376"
	provinces={
		86 173 293 425 665 743 767 812 1142 1731 2195 2686 2763 2910 2947 3044 3108 3120 3374 3403 3521 3722 3741 3794 3817 3891 3915 4061 4229 4255 4377 4430 4455 4507 4612 4647 4730 4919 5055 5105 5462 5476 5683 5811 6288 6372 6418 6784 6944 10127 10196 10222 10223 10236 10289 10329 10395 10435 10437 10462 10467 10511 10535 10579 10580 10653 10676 10686 10703 10731 11130 11185 11209 11210 11255 11291 11342 11361 11394 11402 11437 11445 11446 11466 11472 11487 11489 11505 11506 11519 11525 11546 11563 11594 11603 11627 11696 
	}
	manpower=1
	buildings_max_level_factor=1.000
	state_category=town
	local_supplies=0.000
}
