state={
	id=39
	name="STATE_39"
	provinces={
		125 258 301 550 579 650 830 898 900 953 1125 1199 1251 1385 1436 1505 1709 1769 1786 1809 1858 1932 1933 2054 2312 2347 2351 2395 2424 2568 2616 2636 2674 2755 2845 2876 3018 3213 3264 3417 3432 3533 3567 3828 3926 3963 3984 4032 4292 4375 4416 4421 4512 4921 4963 4973 4992 5113 5153 5225 5453 5469 5483 5567 5583 5810 5815 5858 6044 6131 6132 6138 6237 6344 6564 6582 6632 6709 6835 6859 6976 7030 8234 8280 8281 8297 8298 8299 8311 8329 8339 8342 8346 8356 8379 8388 8391 8406 8418 8419 8426 8427 8458 8466 8479 8503 8507 8519 8552 8613 8656 8687 8701 8728 8741 8763 8776 8817 8867 8875 8888 8919 8920 8930 8957 8962 8989 8993 9036 9042 9043 9060 9074 9076 9078 9084 9091 9092 9098 9105 9112 9124 9131 9132 9137 9138 9144 9146 9161 9165 9167 9173 9178 9179 9183 9191 9192 9196 9201 9205 9209 9210 9220 9226 9230 9234 9241 9246 9252 9253 9262 9263 9264 9274 9284 9285 9287 9291 9295 9296 9304 9312 9316 9319 9333 9337 9357 9374 
	}
	buildings_max_level_factor=1.000
        manpower=1
        state_category = town
	history={
		owner = MUR
		buildings = {
		}
		add_core_of = MUR
	}
}
