state={
	id=527
	name="STATE_527"
	provinces={
		97 529 604 951 1183 1311 1512 1517 1638 1954 1958 3396 4407 4569 4849 5101 5439 5890 6128 6236 6359 6447 6483 10906 10933 10958 10970 10975 10976 10982 10994 11001 11006 11013 11014 11031 11048 11055 11067 11079 11080 11115 11116 11122 11139 11144 11145 11152 11156 11165 11171 11178 11187 11218 11229 11245 11260 11261 
	}
	buildings_max_level_factor=1.000
        manpower=1
        state_category = town
	history={
		owner = FLA
		buildings = {
		}
		add_core_of = FLA
	}
}
