state={
	id=562
	name="STATE_562"
	provinces={
		39 87 120 199 241 461 509 623 1030 1033 2185 2198 2233 2235 2317 2442 2505 2728 2877 2905 2930 2996 3290 3295 3363 3439 3457 3494 3645 3646 3824 3884 3998 4310 4324 4345 4519 4527 4887 4915 5005 5039 5202 5303 5308 6006 6126 6198 6428 6461 6496 6512 6651 6892 6918 11093 11143 11184 11217 11254 11272 11282 11310 11327 11336 11341 11350 11359 11387 11393 11400 11421 11422 11428 11461 11486 11493 11509 11531 11533 11540 11541 11561 11569 11576 11581 11602 11633 11642 11655 11659 11690 11695 11718 11725 11737 11739 11755 11756 11771 11772 11773 11781 11798 11811 11812 11815 11829 11843 11897 11915 
	}
	buildings_max_level_factor=1.000
        manpower=1
        state_category = town
}
