state={
	id=696
	name="STATE_696"
	provinces={
		96 130 358 433 610 647 653 654 664 843 918 1180 1210 1295 1660 1839 1852 2172 2307 2574 2584 2696 2758 2997 3117 3406 3431 3480 3687 3711 4192 4381 4582 4636 4645 4737 4896 4909 5038 5121 5144 5252 5325 5500 5711 5769 6173 6275 6329 6566 6725 6785 6873 6953 12059 12084 12100 12125 12163 12177 12185 12209 12243 12247 12263 12275 12284 12301 12318 12323 12344 12373 12374 12381 12385 12389 12405 12412 12419 12420 12429 12433 12445 12462 12476 12484 12493 12500 12507 12520 12523 12535 12543 12564 12565 12583 12617 12618 12627 12680 12696 
	}
	buildings_max_level_factor=1.000
        manpower=1
        state_category = town
}
