state={
	id=74
	name="STATE_74"
	provinces={
		56 77 93 165 343 428 448 578 718 772 790 827 846 992 1004 1088 1111 1116 1137 1232 1235 1255 1283 1299 1400 1407 1433 1450 1497 1507 1554 1574 1641 1824 1868 1907 1987 2043 2127 2134 2181 2523 2601 2606 2612 2770 2848 2873 2886 2890 2907 2969 3112 3247 3338 3425 3547 3581 3651 3656 3812 3816 3839 3908 3955 3957 4154 4171 4443 4465 4490 4545 4593 4652 4704 4769 4828 4850 4872 4922 4967 4987 5030 5129 5179 5249 5319 5324 5335 5527 5537 5552 5577 5598 5669 5759 5784 5820 5929 5937 5991 5994 6008 6079 6142 6157 6181 6258 6269 6331 6394 6458 6503 6511 6521 6682 6693 6789 6815 6820 7524 7564 7579 7580 7606 7631 7632 7642 7643 7670 7693 7717 7727 7764 7806 7840 7860 7863 7871 7897 7912 7913 7925 7945 7951 7957 7961 7977 7984 7989 7996 8015 8016 8033 8038 8050 8055 8056 8081 8092 8096 8097 8098 8123 8139 8142 8167 8174 8182 8187 8208 8209 8216 8227 8231 8237 8242 8250 8252 8259 8273 8274 8279 8285 8289 8307 8322 8328 8335 8397 8663 8672 8686 8711 8712 8737 8738 8744 8761 8771 8789 8795 8820 8850 8851 8852 8861 8874 8886 8893 8906 8907 8910 8924 8927 8931 8932 8938 8945 8946 8963 8964 8965 8975 8976 8979 8981 8982 8983 8985 8996 9005 9015 9016 9020 9023 9024 9027 9052 9056 9071 9075 9077 9083 9089 9099 9116 9121 9125 9130 9153 9164 9169 9195 9257 
	}
	buildings_max_level_factor=1.000
        manpower=1
        state_category = town
}
