state={
	id=74
	name="STATE_74"
	provinces={
		56 77 165 343 428 718 772 790 992 1111 1137 1232 1255 1283 1299 1400 1554 1824 2043 2127 2606 2612 2890 2907 2969 3112 3247 3338 3547 3581 3651 3656 3816 3839 3955 4171 4465 4490 4545 4652 4704 4769 4922 4967 5030 5129 5249 5324 5527 5537 5552 5598 5784 5937 5991 6008 6157 6181 6269 6331 6458 6511 6521 6682 6789 6815 7912 7913 7945 7951 7957 7977 7984 7989 7996 8015 8016 8033 8038 8050 8055 8056 8081 8092 8096 8097 8098 8123 8139 8142 8167 8174 8182 8187 8208 8209 8216 8227 8231 8237 8242 8250 8252 8259 8273 8274 8279 8285 8289 8307 8322 8328 8335 8397 8737 8761 8893 8924 8963 8964 8996 9015 9071 9125 9130 9153 9164 9169 9195 9257 
	}
	buildings_max_level_factor=1.000
        manpower=1
        state_category = town
	history={
		owner = NAL
		buildings = {
		}
		add_core_of = NAL
	}
}
