state={
	id=805
	name="STATE_805"
	provinces={
		410 562 778 877 1038 1123 1168 1733 1788 2253 2400 2665 2723 3073 3356 3392 3619 3630 3727 4354 4500 4524 4600 4847 5279 5287 5371 5445 5695 5724 5814 6282 6350 6429 6591 6728 6979 12691 12692 12705 12706 12729 12742 12748 12751 12771 12777 12786 12798 12808 12817 12821 12833 12849 12851 12862 12868 12887 12897 12903 12908 12915 12926 12933 12951 12957 12969 12974 12981 12985 13008 13012 13033 13034 13044 13045 13060 13064 13069 13078 13089 13090 13124 13152 
	}
	buildings_max_level_factor=1.000
        manpower=1
        state_category = town
}
