state={
	id=855
	name="STATE_855"
	provinces={
		398 430 601 782 801 858 902 920 1018 1225 1233 1351 1392 1483 1522 1525 1632 1675 1777 1801 2224 2257 2386 2467 2472 2562 2683 2699 2751 2884 2906 3041 3066 3096 3128 3152 3207 3306 3340 3404 3601 3624 3699 3737 3859 3952 4030 4195 4245 4284 4298 4318 4571 4599 4835 4843 4938 5226 5250 5311 5499 5661 5869 5912 6013 6087 6147 6225 6254 6457 6480 6548 6590 6620 6753 6779 6856 12986 13047 13050 13079 13080 13081 13091 13092 13101 13109 13111 13112 13113 13122 13125 13127 13135 13138 13139 13148 13159 13163 13170 13177 13178 13189 13191 13195 13196 13209 13216 13219 13220 13232 13237 13240 13247 13248 13252 13259 13260 13271 13274 13275 13281 13282 13286 13287 13288 13295 13303 13309 13323 13324 13325 13328 13332 13333 13341 13342 13344 13350 13363 13367 13368 13377 13386 13387 13403 13408 13414 13421 13431 13432 13438 13450 13451 13456 13457 13465 13491 13493 13512 13540 13547 13554 13594 13599 13636 13682 
	}
	buildings_max_level_factor=1.000
        manpower=1
        state_category = town
}
