state={
	id=909
	name="STATE_909"
	provinces={
		107 338 473 482 512 608 707 716 794 821 888 897 991 1050 1051 1184 1185 1256 1294 1384 1426 1446 1458 1489 1862 1879 1908 1946 1999 2010 2060 2188 2278 2333 2508 2583 2593 2603 2628 2689 2692 2720 2790 2900 2945 3039 3040 3049 3076 3126 3371 3450 3523 3599 3805 3810 3883 3901 3907 3959 3990 4164 4193 4214 4230 4265 4394 4438 4467 4590 4638 4684 4771 4867 4898 4988 5007 5028 5046 5060 5096 5275 5358 5369 5413 5578 5819 5892 5951 5998 6140 6148 6161 6191 6224 6226 6256 6264 6266 6312 6444 6450 6451 6611 6637 6696 6750 6792 6827 6837 6858 6869 6881 6895 13334 13357 13378 13402 13452 13472 13473 13484 13492 13499 13508 13537 13538 13539 13553 13560 13566 13568 13579 13580 13586 13591 13598 13604 13605 13634 13635 13641 13642 13645 13646 13647 13661 13674 13676 13685 13701 13702 13705 13706 13721 13727 13728 13732 13736 13753 13754 13755 13770 13789 13790 13793 13794 13795 13801 13810 13814 13815 13821 13825 13826 13827 13828 13838 13848 13853 13854 13870 13875 13881 13885 13886 13891 13895 13902 13908 13909 13918 13920 13921 13930 13931 13932 13937 13938 13939 13946 13950 13954 13967 13968 13981 13987 13988 13989 13993 13994 14010 14016 14017 14020 14021 14026 14033 14034 14035 14051 14052 14057 14058 14062 14076 14082 14107 14113 14136 14148 14165 14169 14189 14209 
	}
	buildings_max_level_factor=1.000
        manpower=1
        state_category = town
}
