state={
	id=978
	name="STATE_978"
	provinces={
		23 70 100 245 313 370 426 679 1217 1253 1374 1453 1694 1722 1729 1810 1814 1885 2025 2167 2182 2319 2362 2364 2411 2413 2450 2489 2645 2824 3098 3118 3330 3352 3362 3478 3516 3797 3994 4238 4336 4495 4680 4793 4994 5041 5175 5282 5410 5762 5824 5850 5934 5982 6048 6242 6271 6304 6533 6540 6705 6766 6796 6887 13864 13901 13973 13985 14006 14015 14019 14031 14032 14041 14050 14055 14056 14061 14068 14075 14087 14088 14094 14099 14112 14127 14141 14142 14145 14157 14164 14175 14176 14181 14200 14207 14208 14219 14220 14226 14227 14238 14245 14253 14261 14264 14270 14274 14282 14293 14294 14313 14320 14337 14340 14350 14351 14359 14365 14371 14375 14402 14404 14408 14409 14420 14441 14442 14443 14453 14462 14463 14481 14482 14487 14511 14512 14519 14520 14521 14549 14553 14558 14570 14595 14600 14602 14614 14617 14625 
	}
	buildings_max_level_factor=1.000
        manpower=1
        state_category = town
}
