state={
	id=985
	name="STATE_985"
	provinces={
		22 234 248 533 573 582 597 976 1085 1134 1198 1390 1419 1469 1514 1592 1601 1712 1753 1876 1915 1921 2069 2197 2231 2254 2283 2340 2387 2416 2475 2482 2492 2667 2711 2773 2775 2858 2983 3091 3158 3263 3307 3311 3347 3355 3419 3499 3549 3582 3798 3827 3851 3917 3940 3945 3991 4043 4090 4110 4172 4204 4294 4460 4534 4594 4611 4626 4660 4738 4844 4990 4995 5022 5139 5162 5342 5418 5511 5606 5752 5796 5835 5868 6096 6127 6153 6235 6356 6367 6402 6407 6415 6527 6528 6710 6729 6730 6749 6810 6898 6914 6998 13911 13974 13990 14029 14037 14043 14092 14108 14131 14152 14185 14186 14197 14198 14213 14237 14242 14243 14251 14252 14287 14304 14310 14323 14331 14355 14361 14377 14392 14394 14400 14413 14422 14452 14455 14456 14473 14478 14490 14495 14503 14525 14528 14543 14546 14556 14560 14561 14564 14577 14578 14585 14592 14597 14604 14608 14609 14620 14627 14631 14632 14645 14652 14666 14673 14674 14675 14676 14682 14689 14690 14699 14704 14712 14714 14721 14722 14729 14738 14739 14740 14745 14754 14765 14766 14786 14787 14788 14794 14795 14808 14824 14828 14829 14836 14846 14848 14855 14862 14863 14864 14867 14876 14882 14888 14891 14894 14902 14907 14921 14931 14937 14945 14954 14959 14973 14991 15002 15026 
	}
	buildings_max_level_factor=1.000
        manpower=1
        state_category = town
}
